4d 50 4c 53 30 31 30 30 00 00 00 3a 00 00 01 cc 00 00 01 ee 00 00 00 00 00 00 00 00 00 00 00 00 00 00 00 00 00 00 00 00 00 00 00 0e 00 01 00 00 00 00 01 cf 40 00 00 00 00 00 00 00 01 8e 00 00 00 04 00 00 00

60 30 30 30 31 30 4d 32 54 53 00 01 00 00 00 b5 a5 02 89 35 1b 00 00 01 cf 40 00 00 00 00 00 00 00 00 3e 00 00 01 01 01 00 00 00 00 00 00 00 00 00 09 01 10 11 00 00 00 00 00 00 05 1b 44 00 00 00 09 01 11 00 00 00 00 00 00 00 05 80 31 75 6e 64 09 01 12 00 00 00 00 00 00 00 05 90 75 6e 64 00 00
60 30 30 30 31 31 4d 32 54 53 00 06 00 02 89 35 1b 05 11 5c 96 00 00 01 cf 40 00 00 00 00 00 00 00 00 3e 00 00 01 01 01 00 00 00 00 00 00 00 00 00 09 01 10 11 00 00 00 00 00 00 05 1b 44 00 00 00 09 01 11 00 00 00 00 00 00 00 05 80 31 75 6e 64 09 01 12 00 00 00 00 00 00 00 05 90 75 6e 64 00 00
60 30 30 30 31 32 4d 32 54 53 00 06 00 05 11 5c 96 05 ac 02 eb 00 00 01 cf 40 00 00 00 00 00 00 00 00 3e 00 00 01 01 01 00 00 00 00 00 00 00 00 00 09 01 10 11 00 00 00 00 00 00 05 1b 44 00 00 00 09 01 11 00 00 00 00 00 00 00 05 80 31 75 6e 64 09 01 12 00 00 00 00 00 00 00 05 90 75 6e 64 00 00

60 30 30 30 31 33 4d 32 54 53 00 01 00 00 00 b5 a5 00 03 cd 74 00 00 01 cf 40 00 00 00 00 00 00 00 00 3e 00 00 01 01 01 00 00 00 00 00 00 00 00 00 09 01 10 11 00 00 00 00 00 00 05 1b 44 00 00 00 09 01 11 00 00 00 00 00 00 00 05 80 31 75 6e 64 09 01 12 00 00 00 00 00 00 00 05 90 75 6e 64 00 00

00 00 1e 00 02 00
01 00 00 00 00 b5 a5 ff ff 00 00 00 00 00
01 00 03 00 00 b5 a5 ff ff 00 00 00 00 00

00 02 16 00 00 00 18 00 00 00 01 10 00 01 00 00 00 00 18 00 00 02 02
50 4c 45 58 - PLEX
00 00 00 00 00 00 01 44 00 00 01 ce 00 00 00 00 00 00 00 00 00 00 00 00 00 00 00 00 00 00 00 00 00 00 00 00 00 00 01 18
01 08 31 00 00 00 00 00 ff ff 46 20 22 06 09 09 40 50 00 91 00 00 00 00 00 00 00 00 00 00 00 00 00 00 00 00 00 00 00 00 00 00 00 00 00 00 00 00 00 00 00 00 00 00 00 00 00 00 00 00 00 00 00 00 00 00 00 00 00 00 00 00 00 00 00 00 00 00 00 00 00 00 00 00 00 00 00 00 00 00 00 00 00 00 00 00 00 00 00 00 00 00 00 00 00 00 00 00 00 00 00 00 00 00 00 00 00 00 00 00 00 00 00 00 00 00 00 00 00 00 00 00 00 00 00 00 00 00 00 00 00 00 00 00 00 00 00 00 00 00 00 00 00 00 00 00 00 00 00 00 00 00 00 00 00 00 00 00 00 00 00 00 00 00 00 00 00 00 00 00 00 00 00 00 00 00 00 00 00 00 00 00 00 00 00 00 00 00 00 00 00 00 00 00 00 00 00 00 00 00 00 00 00 00 00 00 00 00 00 00 00 00 00 00 00 00 00 00 00 00 00 00 00 00 00 00 00 00 00 00 00 00 00 00 00 00 00 00 00 00 00 00 00 00 00 00 00 00 00 00 00 00 00 00 00 00 00 00 00 00 00 00 00 00 00 00 00 00 00 00 00 00 00
86 00 02
01 08 31 00 00 00 00 00 ff ff 46 20 21 07 07 09 39 00 91 00 00 00 00 00 00 00 00 00 00 00 00 00 00 00 00 00 00 00 00 00 00 00 00 00 ff ff 00 00 00 00 00 00 00 00 00 00 00 00 00 00 00 17 08 17 00 00
01 08 31 00 00 00 00 02 ff ff 46 20 22 06 09 09 40 45 91 00 00 00 00 00 00 00 00 00 00 00 00 00 00 00 00 00 00 00 00 00 00 00 00 00 ff ff 00 00 00 00 00 00 00 00 00 00 00 00 00 00 15 28 43 17 00 00

00 00 00 30 00 00 00 18 00 00 00 01 01 08 31 00 00 00 00 18 00 00 00 1c 00 00 00 18 30 30 30 32 48 44 52 2d 30 30 30 30 31 30 47 5f 4d 43 31 00 00 00 af e8