4d 50 4c 53 30 31 30 30 00 00 00 3a 00 00 05 3e 00 00 05 8a 00 00 00 00 00 00 00 00 00 00 00 00 00 00 00 00 00 00 00 00 00 00 00 0e 00 01 00 00 00 00 01 cf 40 00 00 00 00 00 00 00 05 00 00 00 00 0d 00 00

00 60 30 30 30 31 30 4d 32 54 53 00 01 00 00 00 b5 a5 02 89 35 1b 00 00 01 cf 40 00 00 00 00 00 00 00 00 3e 00 00 01 01 01 00 00 00 00 00 00 00 00 00 09 01 10 11 00 00 00 00 00 00 05 1b 44 00 00 00 09 01 11 00 00 00 00 00 00 00 05 80 31 75 6e 64 09 01 12 00 00 00 00 00 00 00 05 90 75 6e 64 00
00 60 30 30 30 31 31 4d 32 54 53 00 06 00 02 89 35 1b 05 11 5c 96 00 00 01 cf 40 00 00 00 00 00 00 00 00 3e 00 00 01 01 01 00 00 00 00 00 00 00 00 00 09 01 10 11 00 00 00 00 00 00 05 1b 44 00 00 00 09 01 11 00 00 00 00 00 00 00 05 80 31 75 6e 64 09 01 12 00 00 00 00 00 00 00 05 90 75 6e 64 00
00 60 30 30 30 31 32 4d 32 54 53 00 06 00 05 11 5c 96 05 ac 02 eb 00 00 01 cf 40 00 00 00 00 00 00 00 00 3e 00 00 01 01 01 00 00 00 00 00 00 00 00 00 09 01 10 11 00 00 00 00 00 00 05 1b 44 00 00 00 09 01 11 00 00 00 00 00 00 00 05 80 31 75 6e 64 09 01 12 00 00 00 00 00 00 00 05 90 75 6e 64 00

00 60 30 30 30 31 33 4d 32 54 53 00 01 00 00 00 b5 a5 00 03 cd 74 00 00 01 cf 40 00 00 00 00 00 00 00 00 3e 00 00 01 01 01 00 00 00 00 00 00 00 00 00 09 01 10 11 00 00 00 00 00 00 05 1b 44 00 00 00 09 01 11 00 00 00 00 00 00 00 05 80 31 75 6e 64 09 01 12 00 00 00 00 00 00 00 05 90 75 6e 64 00

00 60 30 30 30 31 34 4d 32 54 53 00 05 00 00 00 b5 a5 01 e7 57 39 00 00 01 cf 40 00 00 00 00 00 00 00 00 3e 00 00 01 01 01 00 00 00 00 00 00 00 00 00 09 01 10 11 00 00 00 00 00 00 05 1b 44 00 00 00 09 01 11 00 00 00 00 00 00 00 05 80 31 75 6e 64 09 01 12 00 00 00 00 00 00 00 05 90 75 6e 64 00
00 60 30 30 30 31 35 4d 32 54 53 00 06 00 01 e7 57 39 03 cd 48 d8 00 00 01 cf 40 00 00 00 00 00 00 00 00 3e 00 00 01 01 01 00 00 00 00 00 00 00 00 00 09 01 10 11 00 00 00 00 00 00 05 1b 44 00 00 00 09 01 11 00 00 00 00 00 00 00 05 80 31 75 6e 64 09 01 12 00 00 00 00 00 00 00 05 90 75 6e 64 00
00 60 30 30 30 31 36 4d 32 54 53 00 06 00 03 cd 48 d8 05 12 64 85 00 00 01 cf 40 00 00 00 00 00 00 00 00 3e 00 00 01 01 01 00 00 00 00 00 00 00 00 00 09 01 10 11 00 00 00 00 00 00 05 1b 44 00 00 00 09 01 11 00 00 00 00 00 00 00 05 80 31 75 6e 64 09 01 12 00 00 00 00 00 00 00 05 90 75 6e 64 00

00 60 30 30 30 31 37 4d 32 54 53 00 05 00 00 00 b5 a5 01 e7 57 39 00 00 01 cf 40 00 00 00 00 00 00 00 00 3e 00 00 01 01 01 00 00 00 00 00 00 00 00 00 09 01 10 11 00 00 00 00 00 00 05 1b 44 00 00 00 09 01 11 00 00 00 00 00 00 00 05 80 31 75 6e 64 09 01 12 00 00 00 00 00 00 00 05 90 75 6e 64 00
00 60 30 30 30 31 38 4d 32 54 53 00 06 00 01 e7 57 39 03 cd a0 d3 00 00 01 cf 40 00 00 00 00 00 00 00 00 3e 00 00 01 01 01 00 00 00 00 00 00 00 00 00 09 01 10 11 00 00 00 00 00 00 05 1b 44 00 00 00 09 01 11 00 00 00 00 00 00 00 05 80 31 75 6e 64 09 01 12 00 00 00 00 00 00 00 05 90 75 6e 64 00
00 60 30 30 30 31 39 4d 32 54 53 00 06 00 03 cd a0 d3 05 b3 ea 6c 00 00 01 cf 40 00 00 00 00 00 00 00 00 3e 00 00 01 01 01 00 00 00 00 00 00 00 00 00 09 01 10 11 00 00 00 00 00 00 05 1b 44 00 00 00 09 01 11 00 00 00 00 00 00 00 05 80 31 75 6e 64 09 01 12 00 00 00 00 00 00 00 05 90 75 6e 64 00
00 60 30 30 30 32 30 4d 32 54 53 00 06 00 05 b3 ea 6c 07 99 dc 0b 00 00 01 cf 40 00 00 00 00 00 00 00 00 3e 00 00 01 01 01 00 00 00 00 00 00 00 00 00 09 01 10 11 00 00 00 00 00 00 05 1b 44 00 00 00 09 01 11 00 00 00 00 00 00 00 05 80 31 75 6e 64 09 01 12 00 00 00 00 00 00 00 05 90 75 6e 64 00
00 60 30 30 30 32 31 4d 32 54 53 00 06 00 07 99 dc 0b 08 4f 50 b3 00 00 01 cf 40 00 00 00 00 00 00 00 00 3e 00 00 01 01 01 00 00 00 00 00 00 00 00 00 09 01 10 11 00 00 00 00 00 00 05 1b 44 00 00 00 09 01 11 00 00 00 00 00 00 00 05 80 31 75 6e 64 09 01 12 00 00 00 00 00 00 00 05 90 75 6e 64 00

00 60 30 30 30 32 32 4d 32 54 53 00 01 00 00 00 b5 a5 00 03 1d 7f 00 00 01 cf 40 00 00 00 00 00 00 00 00 3e 00 00 01 01 01 00 00 00 00 00 00 00 00 00 09 01 10 11 00 00 00 00 00 00 05 1b 44 00 00 00 09 01 11 00 00 00 00 00 00 00 05 80 31 75 6e 64 09 01 12 00 00 00 00 00 00 00 05 90 75 6e 64 00

00 00 00 48 00 05
00 01 00 00 00 00 b5 a5 ff ff 00 00 00 00
00 01 00 03 00 00 b5 a5 ff ff 00 00 00 00 
00 01 00 04 00 00 b5 a5 ff ff 00 00 00 00
00 01 00 07 00 00 b5 a5 ff ff 00 00 00 00
00 01 00 0c 00 00 b5 a5 ff ff 00 00 00 00

00 00 02 dc 00 00 00 18 00 00 00 01 10 00 01 00 00 00 00 18 00 00 02 c8 
50 4c 45 58 - PLEX
00 00 00 00 00 00 01 44 00 00 02 94 00 00 00 00 00 00 00 00 00 00 00 00 00 00 00 00 00 00 00 00 00 00 00 00 00 00 01 18
01 08 31 00 00 00 00 00 ff ff 46 20 22 06 15 11 15 00 00 91 00 00 00 00 00 00 00 00 00 00 00 00 00 00 00 00 00 00 00 00 00 00 00 00 00 00 00 00 00 00 00 00 00 00 00 00 00 00 00 00 00 00 00 00 00 00 00 00 00 00 00 00 00 00 00 00 00 00 00 00 00 00 00 00 00 00 00 00 00 00 00 00 00 00 00 00 00 00 00 00 00 00 00 00 00 00 00 00 00 00 00 00 00 00 00 00 00 00 00 00 00 00 00 00 00 00 00 00 00 00 00 00 00 00 00 00 00 00 00 00 00 00 00 00 00 00 00 00 00 00 00 00 00 00 00 00 00 00 00 00 00 00 00 00 00 00 00 00 00 00 00 00 00 00 00 00 00 00 00 00 00 00 00 00 00 00 00 00 00 00 00 00 00 00 00 00 00 00 00 00 00 00 00 00 00 00 00 00 00 00 00 00 00 00 00 00 00 00 00 00 00 00 00 00 00 00 00 00 00 00 00 00 00 00 00 00 00 00 00 00 00 00 00 00 00 00 00 00 00 00 00 00 00 00 00 00 00 00 00 00 00 00 00 00 00 00 00 00 00 00 00 00 00 00 00 00 00 00 00 00 00 00 
01 4c 00 05
01 08 31 00 00 00 00 00 ff ff 46 20 21 07 07 09 39 00 91 00 00 00 00 00 00 00 00 00 00 00 00 00 00 00 00 00 00 00 00 00 00 00 00 00 ff ff 00 00 00 00 00 00 00 00 00 00 00 00 00 00 00 17 08 17 00 00
01 08 31 00 00 00 00 02 ff ff 46 20 22 06 09 09 40 45 91 00 00 00 00 00 00 00 00 00 00 00 00 00 00 00 00 00 00 00 00 00 00 00 00 00 ff ff 00 00 00 00 00 00 00 00 00 00 00 00 00 00 15 28 43 17 00 00
01 08 31 00 00 00 00 02 ff ff 46 20 22 06 15 09 39 26 91 00 00 00 00 00 00 00 00 00 00 00 00 00 00 00 00 00 00 00 00 00 00 00 00 00 ff ff 00 00 00 00 00 00 00 00 00 00 00 00 00 00 00 33 43 17 00 00
01 08 31 00 00 00 00 02 ff ff 46 20 22 06 15 10 17 56 91 00 00 00 00 00 00 00 00 00 00 00 00 00 00 00 00 00 00 00 00 00 00 00 00 00 ff ff 00 00 00 00 00 00 00 00 00 00 00 00 00 00 00 01 15 18 00 00
01 08 31 00 00 00 00 02 ff ff 46 20 22 06 15 11 14 56 91 00 00 00 00 00 00 00 00 00 00 00 00 00 00 00 00 00 00 00 00 00 00 00 00 00 ff ff 00 00 00 00 00 00 00 00 00 00 00 00 00 00 00 01 15 18 00 00

00 00 00 30 00 00 00 18 00 00 00 01 01 08 31 00 00 00 00 18 00 00 00 1c 00 00 00 18 30 30 30 32 48 44 52 2d 30 30 30 30 31 30 47 5f 4d 43 31 00 00 00 77 cf